FOUND 178 WORDS, WITH MAX POINTS 82000

AROYNT: ((0, 1), (1, 2), (2, 2), (1, 1), (2, 1), (2, 0))
CRAYON: ((0, 3), (1, 2), (0, 1), (1, 1), (2, 2), (3, 2))
CRAYON: ((0, 3), (1, 2), (0, 1), (1, 1), (2, 2), (2, 1))
CRONET: ((0, 3), (1, 2), (2, 2), (3, 2), (3, 1), (2, 0))
CRONET: ((0, 3), (1, 2), (2, 2), (2, 1), (3, 1), (2, 0))
DRAUNT: ((0, 2), (1, 2), (0, 1), (1, 0), (2, 1), (2, 0))
HONORS: ((2, 3), (3, 3), (3, 2), (2, 2), (1, 2), (1, 3))
HOORAY: ((2, 3), (3, 3), (2, 2), (1, 2), (0, 1), (1, 1))
HOORDS: ((2, 3), (3, 3), (2, 2), (1, 2), (0, 2), (1, 3))
HORNET: ((2, 3), (2, 2), (1, 2), (2, 1), (3, 1), (2, 0))
SCRYNE: ((1, 3), (0, 3), (1, 2), (1, 1), (2, 1), (3, 1))
SHOORA: ((1, 3), (2, 3), (3, 3), (2, 2), (1, 2), (0, 1))
SONNET: ((1, 3), (2, 2), (3, 2), (2, 1), (3, 1), (2, 0))
SONNET: ((1, 3), (2, 2), (2, 1), (3, 2), (3, 1), (2, 0))
TENNOS: ((2, 0), (3, 1), (2, 1), (3, 2), (2, 2), (1, 3))
TENNOS: ((2, 0), (3, 1), (3, 2), (2, 1), (2, 2), (1, 3))
TENORS: ((2, 0), (3, 1), (2, 1), (2, 2), (1, 2), (1, 3))
TENORS: ((2, 0), (3, 1), (3, 2), (2, 2), (1, 2), (1, 3))
ARNUT: ((0, 1), (1, 2), (2, 1), (1, 0), (2, 0))
ARNUT: ((0, 1), (1, 2), (2, 1), (3, 0), (2, 0))
ARSON: ((0, 1), (1, 2), (1, 3), (2, 2), (3, 2))
ARSON: ((0, 1), (1, 2), (1, 3), (2, 2), (2, 1))
AUNTY: ((0, 1), (1, 0), (2, 1), (2, 0), (1, 1))
AYONT: ((0, 1), (1, 1), (2, 2), (2, 1), (2, 0))
CRONE: ((0, 3), (1, 2), (2, 2), (2, 1), (3, 1))
CRONE: ((0, 3), (1, 2), (2, 2), (3, 2), (3, 1))
CRONY: ((0, 3), (1, 2), (2, 2), (2, 1), (1, 1))
CROON: ((0, 3), (1, 2), (2, 2), (3, 3), (3, 2))
DAUNT: ((0, 2), (0, 1), (1, 0), (2, 1), (2, 0))
DAYNT: ((0, 2), (0, 1), (1, 1), (2, 1), (2, 0))
DRONE: ((0, 2), (1, 2), (2, 2), (2, 1), (3, 1))
DRONE: ((0, 2), (1, 2), (2, 2), (3, 2), (3, 1))
DRONY: ((0, 2), (1, 2), (2, 2), (2, 1), (1, 1))
HONOR: ((2, 3), (3, 3), (3, 2), (2, 2), (1, 2))
HOORD: ((2, 3), (3, 3), (2, 2), (1, 2), (0, 2))
HOORS: ((2, 3), (3, 3), (2, 2), (1, 2), (1, 3))
HORNY: ((2, 3), (2, 2), (1, 2), (2, 1), (1, 1))
NONET: ((2, 1), (2, 2), (3, 2), (3, 1), (2, 0))
NONET: ((3, 2), (2, 2), (2, 1), (3, 1), (2, 0))
NOYAU: ((2, 1), (2, 2), (1, 1), (0, 1), (1, 0))
NOYAU: ((3, 2), (2, 2), (1, 1), (0, 1), (1, 0))
OHONE: ((2, 2), (2, 3), (3, 3), (3, 2), (3, 1))
OHONE: ((3, 3), (2, 3), (2, 2), (2, 1), (3, 1))
OHONE: ((3, 3), (2, 3), (2, 2), (3, 2), (3, 1))
RAYNE: ((1, 2), (0, 1), (1, 1), (2, 1), (3, 1))
RAYON: ((1, 2), (0, 1), (1, 1), (2, 2), (3, 2))
RAYON: ((1, 2), (0, 1), (1, 1), (2, 2), (2, 1))
RHONE: ((1, 2), (2, 3), (2, 2), (3, 2), (3, 1))
RHONE: ((1, 2), (2, 3), (3, 3), (3, 2), (3, 1))
RHONE: ((1, 2), (2, 3), (2, 2), (2, 1), (3, 1))
RONNE: ((1, 2), (2, 2), (2, 1), (3, 2), (3, 1))
RONNE: ((1, 2), (2, 2), (3, 2), (2, 1), (3, 1))
RONTE: ((1, 2), (2, 2), (2, 1), (2, 0), (3, 1))
ROYNE: ((1, 2), (2, 2), (1, 1), (2, 1), (3, 1))
SCRAW: ((1, 3), (0, 3), (1, 2), (0, 1), (0, 0))
SCRAY: ((1, 3), (0, 3), (1, 2), (0, 1), (1, 1))
SDAYN: ((1, 3), (0, 2), (0, 1), (1, 1), (2, 1))
SHONE: ((1, 3), (2, 3), (3, 3), (3, 2), (3, 1))
SHONE: ((1, 3), (2, 3), (2, 2), (3, 2), (3, 1))
SHONE: ((1, 3), (2, 3), (2, 2), (2, 1), (3, 1))
SHOON: ((1, 3), (2, 3), (3, 3), (2, 2), (2, 1))
SHOON: ((1, 3), (2, 3), (3, 3), (2, 2), (3, 2))
SHOON: ((1, 3), (2, 3), (2, 2), (3, 3), (3, 2))
SHORN: ((1, 3), (2, 3), (2, 2), (1, 2), (2, 1))
SHOYU: ((1, 3), (2, 3), (2, 2), (1, 1), (1, 0))
SONNE: ((1, 3), (2, 2), (2, 1), (3, 2), (3, 1))
SONNE: ((1, 3), (2, 2), (3, 2), (2, 1), (3, 1))
SONNY: ((1, 3), (2, 2), (3, 2), (2, 1), (1, 1))
SORDA: ((1, 3), (2, 2), (1, 2), (0, 2), (0, 1))
TENNO: ((2, 0), (3, 1), (2, 1), (3, 2), (3, 3))
TENNO: ((2, 0), (3, 1), (2, 1), (3, 2), (2, 2))
TENNO: ((2, 0), (3, 1), (3, 2), (2, 1), (2, 2))
TENNY: ((2, 0), (3, 1), (3, 2), (2, 1), (1, 1))
TENON: ((2, 0), (3, 1), (3, 2), (2, 2), (2, 1))
TENON: ((2, 0), (3, 1), (2, 1), (2, 2), (3, 2))
TENOR: ((2, 0), (3, 1), (3, 2), (2, 2), (1, 2))
TENOR: ((2, 0), (3, 1), (2, 1), (2, 2), (1, 2))
TYROS: ((2, 0), (1, 1), (1, 2), (2, 2), (1, 3))
WARDS: ((0, 0), (0, 1), (1, 2), (0, 2), (1, 3))
YARDS: ((1, 1), (0, 1), (1, 2), (0, 2), (1, 3))
ADRY: ((0, 1), (0, 2), (1, 2), (1, 1))
ARCS: ((0, 1), (1, 2), (0, 3), (1, 3))
ARDS: ((0, 1), (1, 2), (0, 2), (1, 3))
AUNE: ((0, 1), (1, 0), (2, 1), (3, 1))
AUNT: ((0, 1), (1, 0), (2, 1), (2, 0))
CRAW: ((0, 3), (1, 2), (0, 1), (0, 0))
CRAY: ((0, 3), (1, 2), (0, 1), (1, 1))
CRON: ((0, 3), (1, 2), (2, 2), (3, 2))
CRON: ((0, 3), (1, 2), (2, 2), (2, 1))
DARN: ((0, 2), (0, 1), (1, 2), (2, 1))
DAUT: ((0, 2), (0, 1), (1, 0), (2, 0))
DRAW: ((0, 2), (1, 2), (0, 1), (0, 0))
DRAY: ((0, 2), (1, 2), (0, 1), (1, 1))
DYNE: ((0, 2), (1, 1), (2, 1), (3, 1))
HONE: ((2, 3), (2, 2), (2, 1), (3, 1))
HONE: ((2, 3), (2, 2), (3, 2), (3, 1))
HONE: ((2, 3), (3, 3), (3, 2), (3, 1))
HOON: ((2, 3), (3, 3), (2, 2), (2, 1))
HOON: ((2, 3), (2, 2), (3, 3), (3, 2))
HOON: ((2, 3), (3, 3), (2, 2), (3, 2))
HOOR: ((2, 3), (3, 3), (2, 2), (1, 2))
HORA: ((2, 3), (2, 2), (1, 2), (0, 1))
HORN: ((2, 3), (2, 2), (1, 2), (2, 1))
HORS: ((2, 3), (2, 2), (1, 2), (1, 3))
HOYA: ((2, 3), (2, 2), (1, 1), (0, 1))
NEON: ((2, 1), (3, 1), (2, 2), (3, 2))
NEON: ((3, 2), (3, 1), (2, 2), (2, 1))
NONE: ((3, 2), (2, 2), (2, 1), (3, 1))
NONE: ((2, 1), (2, 2), (3, 2), (3, 1))
NOON: ((2, 1), (2, 2), (3, 3), (3, 2))
NOON: ((3, 2), (3, 3), (2, 2), (2, 1))
NOSH: ((3, 2), (2, 2), (1, 3), (2, 3))
NOSH: ((2, 1), (2, 2), (1, 3), (2, 3))
ONOS: ((3, 3), (3, 2), (2, 2), (1, 3))
OOHS: ((3, 3), (2, 2), (2, 3), (1, 3))
OOHS: ((2, 2), (3, 3), (2, 3), (1, 3))
OONT: ((3, 3), (2, 2), (2, 1), (2, 0))
ORAD: ((2, 2), (1, 2), (0, 1), (0, 2))
ORCS: ((2, 2), (1, 2), (0, 3), (1, 3))
ORDS: ((2, 2), (1, 2), (0, 2), (1, 3))
RADS: ((1, 2), (0, 1), (0, 2), (1, 3))
RAUN: ((1, 2), (0, 1), (1, 0), (2, 1))
RHOS: ((1, 2), (2, 3), (2, 2), (1, 3))
RONE: ((1, 2), (2, 2), (3, 2), (3, 1))
RONE: ((1, 2), (2, 2), (2, 1), (3, 1))
RONT: ((1, 2), (2, 2), (2, 1), (2, 0))
ROON: ((1, 2), (2, 2), (3, 3), (3, 2))
SCRY: ((1, 3), (0, 3), (1, 2), (1, 1))
SHOE: ((1, 3), (2, 3), (2, 2), (3, 1))
SHOO: ((1, 3), (2, 3), (2, 2), (3, 3))
SHOO: ((1, 3), (2, 3), (3, 3), (2, 2))
SOHO: ((1, 3), (2, 2), (2, 3), (3, 3))
SONE: ((1, 3), (2, 2), (2, 1), (3, 1))
SONE: ((1, 3), (2, 2), (3, 2), (3, 1))
SOON: ((1, 3), (2, 2), (3, 3), (3, 2))
SORA: ((1, 3), (2, 2), (1, 2), (0, 1))
SORD: ((1, 3), (2, 2), (1, 2), (0, 2))
SORN: ((1, 3), (2, 2), (1, 2), (2, 1))
SOYA: ((1, 3), (2, 2), (1, 1), (0, 1))
TUNE: ((2, 0), (1, 0), (2, 1), (3, 1))
TUNE: ((2, 0), (3, 0), (2, 1), (3, 1))
TUNY: ((2, 0), (3, 0), (2, 1), (1, 1))
TUNY: ((2, 0), (1, 0), (2, 1), (1, 1))
TYNE: ((2, 0), (1, 1), (2, 1), (3, 1))
TYRO: ((2, 0), (1, 1), (1, 2), (2, 2))
WADS: ((0, 0), (0, 1), (0, 2), (1, 3))
WADY: ((0, 0), (0, 1), (0, 2), (1, 1))
WARD: ((0, 0), (0, 1), (1, 2), (0, 2))
WARN: ((0, 0), (0, 1), (1, 2), (2, 1))
WARS: ((0, 0), (0, 1), (1, 2), (1, 3))
WARY: ((0, 0), (0, 1), (1, 2), (1, 1))
WYNN: ((0, 0), (1, 1), (2, 1), (3, 2))
WYTE: ((0, 0), (1, 1), (2, 0), (3, 1))
YADS: ((1, 1), (0, 1), (0, 2), (1, 3))
YARD: ((1, 1), (0, 1), (1, 2), (0, 2))
YARN: ((1, 1), (0, 1), (1, 2), (2, 1))
YONT: ((1, 1), (2, 2), (2, 1), (2, 0))
ADS: ((0, 1), (0, 2), (1, 3))
ARC: ((0, 1), (1, 2), (0, 3))
ARD: ((0, 1), (1, 2), (0, 2))
ARS: ((0, 1), (1, 2), (1, 3))
ARY: ((0, 1), (1, 2), (1, 1))
AYU: ((0, 1), (1, 1), (1, 0))
CRY: ((0, 3), (1, 2), (1, 1))
DAW: ((0, 2), (0, 1), (0, 0))
DAY: ((0, 2), (0, 1), (1, 1))
DRY: ((0, 2), (1, 2), (1, 1))
DSO: ((0, 2), (1, 3), (2, 2))
EON: ((3, 1), (2, 2), (3, 2))
EON: ((3, 1), (2, 2), (2, 1))
HOE: ((2, 3), (2, 2), (3, 1))
HON: ((2, 3), (2, 2), (3, 2))
HON: ((2, 3), (2, 2), (2, 1))
HON: ((2, 3), (3, 3), (3, 2))
HOO: ((2, 3), (2, 2), (3, 3))
HOO: ((2, 3), (3, 3), (2, 2))
HOS: ((2, 3), (2, 2), (1, 3))
HOY: ((2, 3), (2, 2), (1, 1))
NET: ((3, 2), (3, 1), (2, 0))
NET: ((2, 1), (3, 1), (2, 0))
NOH: ((2, 1), (2, 2), (2, 3))
NOH: ((3, 2), (3, 3), (2, 3))
NOH: ((3, 2), (2, 2), (2, 3))
NON: ((3, 2), (2, 2), (2, 1))
NON: ((2, 1), (2, 2), (3, 2))
NOO: ((3, 2), (3, 3), (2, 2))
NOO: ((2, 1), (2, 2), (3, 3))
NOO: ((3, 2), (2, 2), (3, 3))
NOR: ((2, 1), (2, 2), (1, 2))
NOR: ((3, 2), (2, 2), (1, 2))
NOS: ((2, 1), (2, 2), (1, 3))
NOS: ((3, 2), (2, 2), (1, 3))
NOY: ((3, 2), (2, 2), (1, 1))
NOY: ((2, 1), (2, 2), (1, 1))
NUT: ((2, 1), (1, 0), (2, 0))
NUT: ((2, 1), (3, 0), (2, 0))
OHO: ((2, 2), (2, 3), (3, 3))
OHO: ((3, 3), (2, 3), (2, 2))
OHS: ((3, 3), (2, 3), (1, 3))
OHS: ((2, 2), (2, 3), (1, 3))
ONE: ((3, 3), (3, 2), (3, 1))
ONE: ((2, 2), (2, 1), (3, 1))
ONE: ((2, 2), (3, 2), (3, 1))
ONO: ((2, 2), (3, 2), (3, 3))
ONO: ((3, 3), (3, 2), (2, 2))
ONY: ((2, 2), (2, 1), (1, 1))
OOH: ((2, 2), (3, 3), (2, 3))
OOH: ((3, 3), (2, 2), (2, 3))
OON: ((2, 2), (3, 3), (3, 2))
OON: ((3, 3), (2, 2), (3, 2))
OON: ((3, 3), (2, 2), (2, 1))
OOR: ((3, 3), (2, 2), (1, 2))
OOS: ((3, 3), (2, 2), (1, 3))
ORA: ((2, 2), (1, 2), (0, 1))
ORC: ((2, 2), (1, 2), (0, 3))
ORD: ((2, 2), (1, 2), (0, 2))
ORS: ((2, 2), (1, 2), (1, 3))
RAD: ((1, 2), (0, 1), (0, 2))
RAW: ((1, 2), (0, 1), (0, 0))
RAY: ((1, 2), (0, 1), (1, 1))
RHO: ((1, 2), (2, 3), (3, 3))
RHO: ((1, 2), (2, 3), (2, 2))
ROE: ((1, 2), (2, 2), (3, 1))
ROO: ((1, 2), (2, 2), (3, 3))
RYA: ((1, 2), (1, 1), (0, 1))
RYU: ((1, 2), (1, 1), (1, 0))
SHO: ((1, 3), (2, 3), (2, 2))
SHO: ((1, 3), (2, 3), (3, 3))
SOH: ((1, 3), (2, 2), (2, 3))
SON: ((1, 3), (2, 2), (2, 1))
SON: ((1, 3), (2, 2), (3, 2))
SOY: ((1, 3), (2, 2), (1, 1))
TEN: ((2, 0), (3, 1), (2, 1))
TEN: ((2, 0), (3, 1), (3, 2))
TUN: ((2, 0), (3, 0), (2, 1))
TUN: ((2, 0), (1, 0), (2, 1))
UTE: ((3, 0), (2, 0), (3, 1))
UTE: ((1, 0), (2, 0), (3, 1))
UTU: ((3, 0), (2, 0), (1, 0))
UTU: ((1, 0), (2, 0), (3, 0))
WAD: ((0, 0), (0, 1), (0, 2))
WAR: ((0, 0), (0, 1), (1, 2))
WAY: ((0, 0), (0, 1), (1, 1))
WYN: ((0, 0), (1, 1), (2, 1))
YAD: ((1, 1), (0, 1), (0, 2))
YAR: ((1, 1), (0, 1), (1, 2))
YAW: ((1, 1), (0, 1), (0, 0))
YON: ((1, 1), (2, 2), (3, 2))
YON: ((1, 1), (2, 2), (2, 1))
